"1" 1 1 NA NA NA 0.96875 1.875
"2" 1 1 NA NA 0 1.21875 0
"3" 2 1 NA NA 1.15625 0.46875 1.625
"4" 1 1 NA NA NA 0.71875 0.46875
"5" 1 1 NA NA 0 NA 0
"6" 1 1 NA 0.71875 0.25 NA 2.90625
"7" 2 1 NA NA 0 0 NA
"8" 1 1 0 0 0.46875 NA NA
"9" 2 1 NA 0 0 0 NA
"10" 1 1 NA 0 0 0.46875 NA
"11" 2 1 NA 0 0 1.625 NA
"12" 1 1 NA 0 0.96875 2.375 NA
"13" 2 1 NA NA NA 0 0
"14" 2 1 NA NA NA 0.46875 1.21875
"15" 2 1 NA NA 0 0 0
"16" 1 1 NA NA NA 0.46875 0.4375
"17" 2 1 NA NA NA 0 NA
"18" 1 1 NA NA NA 1.4375 0.4375
"19" 1 1 NA NA 0 0.21875 0
"20" 1 1 0 0 0 NA NA
"21" 1 1 0.25 0 0 NA NA
"22" 2 1 NA NA NA 0 0
"23" 1 1 0 0 0 NA NA
"24" 1 1 NA NA 1.40625 0.46875 1.1875
"25" 1 1 NA NA 0 0 0
"26" 2 1 NA NA 0.46875 0.21875 2.15625
"27" 1 1 NA NA NA 0.21875 1.4375
"28" 2 1 NA 0.25 0.21875 1.6875 NA
"29" 2 1 NA NA NA 0 0.96875
"30" 1 1 NA NA 0.5 0 0
"31" 2 1 NA NA 0 0 0.96875
"32" 2 1 0 0 0 NA NA
"33" 1 1 NA NA NA 0 0
"34" 1 1 NA NA 0 0 0.46875
"35" 2 1 NA NA 0.46875 2.40625 5
"36" 2 1 NA NA 0 NA NA
"37" 1 1 NA NA NA 0 2.40625
"38" 1 1 NA NA 0 0 0.46875
"39" 2 1 NA 0 0 0 NA
"40" 1 1 NA NA 0.46875 0.6875 1.40625
"41" 2 1 NA NA NA 3.59375 4.0625
"42" 2 1 0 0 0 NA NA
"43" 2 1 NA NA 0.25 0.46875 0.9375
"44" 2 1 NA NA NA 0 0
"45" 2 1 NA 0 0 3.25 NA
"46" 1 1 NA NA NA 5.0625 4
"47" 1 1 NA 0 0.96875 3.625 NA
"48" 2 1 NA NA NA 1.40625 3.09375
"49" 1 1 NA 0 0.46875 0 NA
"50" 1 1 NA NA 0 0.46875 0
"51" 1 1 NA 1.4375 1.875 0.65625 NA
"52" 2 1 NA NA 0 0 0.71875
"53" 2 1 NA NA 0 0.46875 0
"54" 2 1 NA NA 0.46875 0.71875 NA
"55" 1 1 NA 0 NA 0 NA
"56" 1 1 NA 0 0 0.71875 NA
"57" 2 1 NA NA NA 0.46875 0.96875
"58" 2 1 0 0 0 NA NA
"59" 2 1 0 0 0.46875 NA NA
"60" 1 1 NA 0 0 0 NA
"61" 1 1 NA 0 0 0 NA
"62" 1 1 NA NA 0.71875 0.46875 0.46875
"63" 1 1 NA 0 0 0 NA
"64" 2 1 0 0.21875 2.625 NA NA
"65" 2 1 NA NA NA 0 1.4375
"66" 2 1 0 0 0 NA NA
"67" 1 1 NA 0 0 0 NA
"68" 2 1 NA NA 0.25 0.71875 1.6875
"69" 2 1 NA NA NA 0.21875 5.5
"70" 1 1 NA 1.84375 0.9375 NA NA
"71" 2 1 0 0 0 NA NA
"72" 2 1 NA NA NA 1.65625 NA
"73" 1 1 NA 0 0 0 NA
"74" 2 1 NA NA NA 0.21875 NA
"75" 2 1 NA NA 0 0.4375 0.96875
"76" 1 1 NA NA 0 0 0
"77" 1 1 NA 0.46875 NA 6 NA
"78" 2 1 NA NA NA 0 0
"79" 1 1 NA NA NA 0 0.21875
"80" 2 1 NA NA NA 1.1875 2.59375
"81" 1 1 NA NA NA 0.46875 0.46875
"82" 1 1 NA NA NA 1.1875 1.4375
"83" 1 1 0 0 0.25 NA NA
"84" 2 1 NA NA 0 0 0
"85" 1 1 0 0 0 NA NA
"86" 2 1 NA 0 0 NA 0
"87" 2 1 NA 0 0 NA NA
"88" 1 1 0 0 0 NA NA
"89" 2 1 NA NA 2.21875 0 3.53125
"90" 2 1 NA NA 0.25 0 0
"91" 2 1 NA 0.71875 0.21875 0 NA
"92" 1 1 NA 0 0.6875 2.15625 NA
"93" 2 1 NA NA NA 3.5 4.53125
"94" 1 1 NA NA NA 0.71875 0.21875
"95" 1 1 0 0 1.90625 NA NA
"96" 1 1 NA NA 2.65625 2.34375 NA
"97" 2 1 0 0 0 NA NA
"98" 2 1 NA 0 NA 0.71875 NA
"99" 2 1 NA NA 0.71875 0.71875 0.21875
"100" 1 1 NA NA NA 2.59375 1.65625
"101" 2 1 NA NA 0.21875 1.46875 NA
"102" 1 1 NA NA 2 4.09375 0
"103" 2 1 NA NA 0 0.46875 0.71875
"104" 2 1 NA NA NA 0.21875 0
"105" 1 1 NA 0 0 1.1875 NA
"106" 2 1 0 0 0.21875 NA NA
"107" 1 1 NA 0 0 0 NA
"108" 1 1 0 NA NA NA NA
"109" 2 1 NA NA NA 0.25 0.46875
"110" 1 1 NA 0 0 0 NA
"111" 2 1 NA 0 0 0 NA
"112" 1 1 0 0 0 NA NA
"113" 1 1 NA NA NA 0 0
"114" 2 1 NA NA 0 0.46875 NA
"115" 1 1 NA NA 0.25 0.25 0
"116" 2 1 NA NA NA 0.71875 0.96875
"117" 2 1 NA NA NA 3.3125 2.65625
"118" 2 1 0.46875 2.875 0.96875 NA NA
"119" 1 1 0 0 0 NA NA
"120" 1 1 0 0 0 NA NA
"121" 1 1 NA 0 0 0.5 NA
"122" 1 1 NA 0 0 0 NA
"123" 2 1 NA NA NA 0.25 0.5
"124" 2 1 0 0 0 NA NA
"125" 1 1 NA NA NA 0 0.46875
"126" 1 1 NA NA 0.96875 0.96875 2.15625
"127" 1 1 NA NA NA 1.4375 1.65625
"128" 1 1 0 0.71875 0.46875 NA NA
"129" 2 1 NA NA 0 0 0.46875
"130" 2 1 0 0 0 NA NA
"131" 1 1 NA NA 0 0 0
"132" 2 1 NA NA NA 0 0
"133" 2 1 0 0 0 NA NA
"134" 1 1 NA 0 0 0 NA
"135" 1 1 NA NA NA 0.9375 1.4375
"136" 1 1 NA NA 0.25 0.71875 NA
"137" 1 1 NA NA NA 0 0.46875
"138" 1 1 NA NA NA 0.46875 4.09375
"139" 1 1 NA NA NA 3.25 5.03125
"140" 2 1 NA NA 0 0 4.03125
"141" 2 1 NA NA 0 0 NA
"142" 1 1 NA NA 0.46875 0.21875 0
"143" 2 1 NA NA 0 0 0
"144" 1 1 NA NA 0 0.46875 1.65625
"145" 1 1 NA NA 0 0.9375 1.9375
"146" 2 1 NA NA NA 0 0
"147" 2 1 0 0 0 NA NA
"148" 2 1 NA NA NA 2.84375 4.09375
"149" 2 1 NA NA 0.46875 0.6875 2.375
"150" 2 1 0 0 0 NA NA
"151" 2 1 NA NA 0 0 0
"152" 1 1 NA 0 0 0.96875 NA
"153" 1 1 NA NA 0 0 0
"154" 1 1 0 0 0 NA NA
"155" 2 1 NA NA NA 0.25 0.25
"156" 2 1 0 0 0 NA NA
"157" 2 1 NA 0 0 0.25 NA
"158" 2 1 0 0 0 NA NA
"159" 2 1 NA NA 0 NA 0.25
"160" 1 1 NA 0 1.15625 NA 3.3125
"161" 2 1 0 0 0 NA NA
"162" 2 1 NA NA 0.46875 0.21875 0.4375
"163" 1 1 NA NA NA 0 0.46875
"164" 2 1 NA NA 0 0 0
"165" 2 1 NA 0 0 0 NA
"166" 2 1 NA NA NA 0 0
"167" 2 1 NA NA NA 0 0.71875
"168" 2 1 NA NA NA 0 4.3125
"169" 2 1 NA 0.46875 0.21875 0.46875 NA
"170" 1 1 NA NA NA 0.71875 0.96875
"171" 2 1 NA 0 0 0 NA
"172" 1 1 0 0 0 NA NA
"173" 1 1 NA 0 0 0 NA
"174" 2 1 NA NA 1.46875 0.71875 0.21875
"175" 2 1 NA NA NA 0.71875 1.90625
"176" 2 1 NA NA 0 0 0.71875
"177" 1 1 NA NA 0 0 1.40625
"178" 1 1 0 0 0 NA NA
"179" 2 1 0 0 NA NA NA
"180" 1 1 0 NA NA NA NA
"181" 1 1 NA NA 0 0.96875 2.375
"182" 1 1 NA 0.46875 1.15625 NA NA
"183" 2 1 NA NA 1.21875 1.625 1.6875
"184" 1 1 NA NA NA 0.46875 0.46875
"185" 2 1 NA 0.25 NA 0 NA
"186" 2 1 NA 0 0.25 0.46875 NA
"187" 1 1 NA 0 0 0 NA
"188" 2 1 0 0 0 NA NA
"189" 2 1 NA NA 0 0.6875 1.90625
"190" 1 1 NA NA 0 0 0.46875
"191" 1 1 0 0 0 NA NA
"192" 2 1 NA 0 0 0 NA
"193" 2 1 NA 0.46875 0 0.6875 NA
"194" 1 0 NA 0 0 0 NA
"195" 1 0 NA NA 0 0 0
"196" 2 0 NA NA 0 0 NA
"197" 2 0 0 0 0 NA NA
"198" 2 0 NA NA NA 0 1.65625
"199" 2 0 NA NA NA 0.25 0
"200" 2 0 0 0 0 NA NA
"201" 1 0 NA 0.71875 0.96875 0.9375 NA
"202" 1 0 0 0 0 NA NA
"203" 1 0 NA 0.75 0.46875 0.5 NA
"204" 2 0 NA NA 0 0 0
"205" 1 0 NA NA 0 0 NA
"206" 2 0 NA 0.46875 0.46875 0.46875 NA
"207" 2 0 NA NA 0 0 0.46875
"208" 1 0 NA 1.21875 0.96875 0.25 NA
"209" 1 0 NA NA 0 0.71875 2.1875
"210" 1 0 NA NA NA 0 0
"211" 2 0 NA NA 0 1.40625 1.65625
"212" 1 0 0 0 0 NA NA
"213" 2 0 0 0 0 NA NA
"214" 1 0 NA NA NA 0.6875 0
"215" 2 0 0.5 0 0 NA NA
"216" 2 0 NA NA NA 0 0.46875
"217" 1 0 NA NA NA 0 0
"218" 2 0 NA NA NA 0 0
"219" 1 0 NA NA NA 0 0
"220" 2 0 NA 0.21875 0.71875 NA NA
"221" 2 0 NA NA NA 0 0.46875
"222" 1 0 NA NA NA 0 0
"223" 1 0 NA NA 0 0 0.46875
"224" 1 0 NA NA NA 1.4375 1.6875
"225" 1 0 NA NA NA 0.46875 1.4375
"226" 1 0 NA NA 0 0 0
"227" 2 0 NA NA NA 0.96875 1.125
"228" 1 0 NA NA 0 0.46875 0.46875
"229" 2 0 0 0 0 NA NA
"230" 2 0 NA 0 0 0.46875 NA
"231" 2 0 NA 0 0 0 NA
"232" 2 0 NA NA NA 0.46875 0.96875
"233" 2 0 0 0 0 NA NA
"234" 2 0 NA NA 0 0.21875 0
"235" 1 0 NA NA NA 0 0.46875
"236" 2 0 NA NA NA 0 0
"237" 2 0 0.25 0.46875 1.4375 NA NA
"238" 2 0 NA NA 0.25 0 0.46875
"239" 2 0 NA 0 0 0 NA
"240" 2 0 NA NA 0.46875 1.40625 1.875
"241" 2 0 NA NA NA 0 0
"242" 2 0 NA NA 0 0 0
"243" 2 0 NA 0 0 0 NA
"244" 2 0 0 0 0 NA NA
"245" 1 0 0.25 0 0 NA NA
"246" 2 0 NA NA NA 0 0
"247" 2 0 NA 0 0.46875 0.46875 NA
"248" 2 0 NA NA NA 0 0
"249" 1 0 NA NA NA 0.96875 1.90625
"250" 1 0 NA NA 0 0 0.46875
"251" 2 0 0.25 0 0 NA NA
"252" 2 0 NA NA 0 0 0
"253" 2 0 NA 0 0.71875 0 NA
"254" 2 0 NA NA NA 0 0
"255" 1 0 NA 0 0 0 NA
"256" 1 0 NA NA NA 0 0
"257" 1 0 NA 0 0 0 NA
"258" 1 0 NA 0 0 0.46875 NA
"259" 1 0 0 0 0 NA NA
"260" 2 0 0 0.25 0 NA NA
"261" 2 0 NA NA NA 0 0
"262" 1 0 0 0 0 NA NA
"263" 1 0 NA NA NA 0 0.9375
"264" 2 0 NA 0 0 0 NA
"265" 2 0 NA NA NA 0 0
"266" 1 0 0 0 0 NA NA
"267" 2 0 NA NA NA 0.46875 1.59375
"268" 2 0 0 0 0 NA NA
"269" 2 0 NA NA NA 0 0
"270" 2 0 0 0 0 NA NA
"271" 1 0 NA 0 0 NA NA
"272" 1 0 NA 0 0.21875 0 NA
"273" 2 0 NA NA NA 0 0
"274" 2 0 NA NA 0 0 NA
"275" 1 0 NA NA NA 0 0.46875
"276" 1 0 NA NA 0.71875 0 0
"277" 1 0 NA 0 0 0 NA
"278" 1 0 NA NA NA 0 NA
"279" 1 0 0 0 0 NA NA
"280" 2 0 NA 0.46875 0 0 NA
"281" 2 0 NA NA 0 0 0
"282" 2 0 NA NA NA 0 0
"283" 2 0 NA NA 0 0 0
"284" 1 0 NA NA 0.25 0 NA
"285" 1 0 NA NA 0 0 0.71875
"286" 1 0 NA NA 0 0.46875 0.46875
"287" 2 0 NA NA NA 0.46875 0.46875
"288" 2 0 NA NA 0 0 NA
"289" 2 0 0 0 0 NA NA
"290" 2 0 0 0 0 NA NA
"291" 2 0 0 0 0.21875 NA NA
"292" 2 0 NA NA NA 0 0
"293" 2 0 0 0 0 NA NA
"294" 2 0 0 0 0 NA NA
"295" 2 0 NA NA NA 0 0
"296" 1 0 NA NA 0 0 NA
"297" 2 0 NA 0 0 0 NA
"298" 1 0 NA NA NA 0 0.46875
"299" 1 0 NA NA NA 0.46875 0
"300" 1 0 NA NA NA 0 0.46875
"301" 1 0 NA NA NA 1.21875 0.46875
"302" 1 0 NA NA 0 0 0
"303" 2 0 NA 0 0 0 NA
"304" 2 0 0 0 0 NA NA
"305" 1 0 0 0.71875 0 NA NA
"306" 1 0 NA NA 0 0 0
"307" 2 0 0 0 0 NA NA
"308" 2 0 0 0 0 NA NA
"309" 1 0 NA NA 0 0 0
"310" 2 0 NA NA NA 0.46875 0.71875
"311" 2 0 NA 0 0 NA NA
"312" 2 0 NA NA NA 0 0
"313" 1 0 NA NA 0 0 0
"314" 2 0 NA NA NA 0 0
"315" 2 0 NA NA 0 0 0.21875
"316" 1 0 NA NA NA 1.21875 0.71875
"317" 2 0 NA NA 0 NA 1.15625
"318" 1 0 NA NA 0 0 NA
"319" 1 0 NA NA 0.25 0.46875 1.1875
"320" 1 0 NA NA 0 0 0
"321" 1 0 NA NA NA 0 0
"322" 1 0 NA NA 0 0 NA
"323" 2 0 0 0 0 NA NA
"324" 1 0 NA NA 0 0 0
"325" 1 0 NA 0 0 0 NA
"326" 2 0 0 0.4375 0.46875 NA NA
"327" 1 0 NA NA NA 0 0
"328" 1 0 NA NA NA 0 0
"329" 2 0 NA NA NA 0 0
"330" 1 0 NA NA NA 0 1.71875
"331" 1 0 NA 0 0 0 NA
"332" 1 0 NA 0 0 0.25 NA
"333" 2 0 NA 0 0 0 NA
"334" 1 0 NA 0 0.46875 0.75 NA
"335" 1 0 NA NA NA 0 0
"336" 2 0 NA 0 0 0.21875 NA
"337" 2 0 NA 0 0 0.71875 NA
"338" 1 0 NA NA 0.25 0 0
"339" 2 0 NA 0 0 0 NA
"340" 1 0 NA 0 0 0.21875 NA
"341" 1 0 NA NA 0 0 0.25
"342" 2 0 NA NA 0 0 0
"343" 1 0 NA 0 0 NA 0
"344" 2 0 NA 0 0 0 NA
"345" 2 0 NA NA 0 0 NA
"346" 2 0 NA NA 0 0 0
"347" 2 0 NA NA NA 0 0
"348" 1 0 0 0 0 NA NA
"349" 1 0 NA 0 0 0 NA
"350" 2 0 NA 0 0 0 NA
"351" 2 0 NA 0 0 0 NA
"352" 2 0 NA NA NA 0 0
"353" 2 0 0.96875 0 0 NA NA
"354" 2 0 NA NA 0 0.46875 NA
"355" 2 0 NA NA 0 0 0
