1 14.907 29.202 0.541 1.034 0.609
2 3.929 40.203 4.097 0.65 0.161
3 9.843 40.695 2.517 0.7 0.458
4 7.618 38.713 6.103 1.21 0.68
5 37.112 18.602 2.336 1.09 0.46
6 34.332 30.362 4.69 1.376 0.296
7 27.955 18.478 4.885 0.9 0.604
8 13.278 29.013 3.854 1.143 0.427
9 11.533 37.493 0.84 0.856 0.183
10 10.304 30.227 4.264 0.994 0.536
11 15.417 43.878 1.776 0.697 0.202
12 30.499 32.477 0.645 0.756 0.714
13 17.639 34.894 2.052 0.373 -0.195
14 35.447 26.374 4.892 1.166 0.726
15 15.702 34.058 3.472 0.695 0.234
16 -3.567 40.544 0.007 0.28 -0.326
17 22.697 36.281 1.189 0.749 0.483
18 10.519 21.034 2.969 0.418 0.732
19 6.524 23.77 4.013 0.752 0.391
20 43.675 30.277 2.75 1.256 1.036
21 29.656 19.202 4.156 1.035 1.135
22 17.363 18.515 2.867 0.504 0.471
23 15.526 23.897 2.452 0.517 1.004
24 1.537 46.335 2.722 0.588 0.299
25 28.653 33.201 2.547 0.845 0.271
26 21.413 34.365 1.567 -0.028 0.468
27 3.515 37.689 2.861 0.599 0.211
28 2.296 32.915 1.444 0.833 0.183
29 22.719 29.111 1.985 0.661 0.631
30 12.941 33.186 0.398 0.425 0.283
31 9.202 26.802 2.443 0.466 0.555
32 -1.445 24.031 5.216 0.74 0.508
33 16.65 27.4 2.725 0.415 0.468
34 22.987 28.064 3.622 1.144 0.635
35 23.947 16.031 0.517 0.385 1.057
36 15.146 23.352 2.93 0.683 0.676
37 24.267 13.601 3.556 1.059 1.012
38 26.481 22.029 4.672 0.842 0.732
39 -18.535 61.812 5.663 1.071 0.551
40 14.348 23.857 1.875 0.599 0.532
41 6.716 32.922 3.878 1.094 0.682
42 -5.617 40.505 2.891 0.871 0.265
43 -1.247 32.233 2.095 0.548 0.26
44 11.292 22.661 5.303 1.016 0.901
45 23.453 39.765 2.976 1.617 0.405
46 11.316 32.191 2.242 0.665 0.439
47 12.929 37.076 1.452 0.659 0.193
48 23.733 18.983 3.721 1.085 0.671
49 0.488 46.228 4.707 0.927 0.782
50 13.782 30.034 2.503 0.583 0.622
51 23.662 27.251 2.86 0.869 0.257
52 30.943 46.231 3.668 1.421 0.099
53 25.099 11.323 2.547 0.486 0.617
54 13.98 38.896 6.403 1.446 0.848
55 20.502 32.632 5.798 0.858 0.793
56 27.845 22.101 3.396 0.764 0.785
57 6.727 14.136 2.878 0.356 0.14
58 21.802 25.558 1.428 1.069 0.597
59 26.924 28.793 2.158 1.047 0.9
60 6.245 27.41 5.422 1.037 0.646
61 7.804 28.772 3.915 0.274 0.551
62 17.514 25.357 2.05 0.968 0.811
63 17.547 23.263 1.288 0.322 0.046
64 15.946 27.089 4.466 1.076 0.634
65 18.676 35.323 5.026 0.967 0.907
66 23.043 29.596 4 0.977 0.687
67 14.495 28.1 2.932 1.016 0.534
68 29.998 32.935 5.513 0.744 1.056
69 3.034 45.297 4.366 0.724 0.146
70 19.875 16.537 3.691 0.54 0.518
71 23.82 17.008 2.768 0.55 0.83
72 17.062 31.603 4.427 0.823 0.647
73 7.653 33.038 1.55 0.884 0.587
74 17.64 27.056 2.232 0.639 0.118
75 35.001 26.95 2.061 0.61 0.451
76 5.962 37.639 1.854 0.687 0.422
77 -8.059 56.826 3.648 0.814 0.155
78 11.994 24.213 2.626 0.363 0.097
79 7.519 41.537 2.496 0.527 0.024
80 14.093 30.344 4.023 1.149 0.022
81 4.717 50.437 2.104 0.772 0.397
82 25.11 37.337 2.276 0.544 0.233
83 18.401 35.027 5.334 1.282 0.323
84 8.723 31.949 3.247 0.584 0.187
85 17.213 28.705 2.351 0.862 0.29
86 12.681 36.308 4.471 0.433 0.698
87 22.288 41.064 4.518 1.124 0.507
88 19.409 29.305 3.638 0.634 0.977
89 32.046 27.85 3.879 0.698 0.285
90 4.242 46.284 6.196 1.339 0.315
91 19.23 29.943 4.093 1.19 0.342
92 3.705 30.299 2.921 0.587 0.615
93 -13.071 30.83 0.105 0.307 0.213
94 38.018 20.881 1.279 0.785 0.447
95 16.376 34.957 2.384 1.283 0.806
96 -2.999 32.548 1.672 1.044 0.649
97 8.448 40.408 5.687 1.316 0.265
98 10.851 29.575 6.5 1.184 0.542
99 16.698 41.791 0.438 0.87 -0.111
100 9.174 22.551 4.171 0.61 0.634
101 34.666 14.136 1.597 0.484 0.571
102 14.766 27.071 2.108 0.312 0.561
103 26.574 21.335 2.756 1.176 0.964
104 33.691 32.759 2.635 0.848 0.525
105 21.255 33.272 3.694 1.08 0.601
106 12.314 32.861 5.796 1.403 0.919
107 5.264 35.017 2.692 0.437 0.083
108 8.38 39.181 2.733 0.473 0.45
109 19.163 49.667 4.709 1.2 0.512
110 9.603 27.408 2.122 1.078 0.528
111 28.455 20.187 2.787 0.676 0.35
112 19.518 27.81 4.144 0.897 0.769
113 19.183 30.051 3.483 0.432 0.57
114 19.439 10.375 2.314 0.861 0.762
115 29.215 26.951 1.77 0.96 0.156
116 28.554 33.665 5.061 0.969 0.225
117 11.733 43.275 4.57 0.462 0.217
118 15.571 31.018 2.099 0.645 0.11
119 26.945 22.084 4.918 0.678 0.606
120 5.594 32.652 3.719 1.071 0.452
121 20.488 29.581 1.671 0.788 0.68
122 6.392 34.205 3.964 0.396 0.627
123 14.336 26.195 4.475 0.585 1.007
124 2.676 37.619 2.868 0.792 0.335
125 17.229 24.492 3.243 0.118 0.333
126 7.183 27.902 2.554 0.442 0.031
127 24.297 29.841 2.767 0.934 0.202
128 24.728 19.224 4.447 0.559 0.977
129 24.952 35.691 1.771 1.108 0.556
130 9.548 29.131 4.488 0.609 0.706
131 2.386 31.19 2.116 0.665 -0.458
132 10.687 41.62 2.963 0.538 0.371
133 10.594 31.684 4.393 0.917 0.851
134 8.836 35.49 -0.641 0.61 0.6
135 15.033 29.159 4.195 1.014 0.491
136 4.357 32.657 4.029 0.648 0.159
137 19.857 19.252 -0.496 0.75 0.837
138 10.432 21.314 3.382 0.435 0.615
139 4.278 26.186 2.66 0.495 0.524
140 19.33 20.575 2.384 0.662 0.443
141 15.671 22.625 1.969 0.567 0.907
142 26.516 22.604 1.339 1.055 0.635
143 23.388 21.108 1.435 0.394 0.15
144 22.154 25.904 2.222 0.857 0.395
145 11.233 36.817 3.315 0.69 -0.143
146 12.094 34.508 4.326 0.869 0.579
147 22.404 31.003 3.222 0.955 0.376
148 10.41 32.79 4.365 0.788 0.349
149 15.838 34.587 1.971 0.564 0.149
150 11.22 33.75 3.143 0.784 0.7
151 26.75 20.352 4.991 0.971 0.888
152 12.283 31.289 5.746 1.468 0.965
153 12.249 31.694 6.703 0.986 1.067
154 28.698 10.92 3.46 0.853 0.636
155 12.042 29.941 3.184 0.88 0.845
156 19.897 35.761 2.828 0.448 0.333
157 28.398 32.894 2.709 0.951 0.48
158 12.323 32.734 4.22 0.661 1.084
159 30.13 17.982 2.92 0.586 0.296
160 18.492 28.727 1.211 0.666 0.69
161 27.471 22.567 5.197 0.98 0.727
162 20.345 24.591 4.325 0.301 0.399
163 23.245 20.159 3.849 0.604 0.609
164 18.687 31.509 4.667 0.86 0.936
165 -12.267 40.759 5.369 1.06 0.92
166 11.384 39.772 4.085 0.691 0.443
167 32.632 28.125 4.731 1.089 -0.006
168 5.876 24.764 3.511 1.174 0.521
169 12.828 23.05 4.033 0.808 0.46
170 -2.126 45.025 5.766 0.83 0.222
171 13.698 22.568 4.984 0.947 1.107
172 35.431 34.168 2.053 1.144 0.326
173 23.599 45.606 6.133 1.323 0.481
174 18.953 25.43 2.82 0.779 0.125
175 19.767 27.733 2.122 0.956 0.489
176 4.962 30.096 2.394 0.813 0.735
177 16.064 32.743 3.009 1 0.363
178 12.523 28.894 2.212 0.617 0.756
179 19.511 31.17 5.434 0.682 0.667
180 6.534 40.922 3.599 0.749 0.707
181 6.437 26.685 2.632 1.129 0.657
182 -0.217 37.162 0.973 0.389 -0.056
183 -1.035 32.035 2.67 0.382 0.149
184 0.213 27.682 2.63 0.921 0.202
185 4.062 37.953 6.12 1.457 0.976
186 4.992 32.544 3.079 0.727 0.45
187 39.598 32.109 2.746 0.847 1.096
188 16.463 28.636 1.771 1.183 0.755
189 26.422 22.252 3.662 0.402 0.593
190 15.149 37.787 3.998 0.944 0.639
191 6.626 28.582 2.625 0.982 0.619
192 16.456 23.014 4.119 1.238 1.05
193 18.689 36.597 1.664 1.244 0.371
194 23.954 31.405 3.521 0.907 0.438
195 15.527 35.939 1.622 0.794 0.903
196 3.823 43.484 0.481 1.069 0.413
197 20.873 37.033 5.842 1.19 0.513
198 17.111 28.037 3.839 0.399 0.512
199 15.542 43.454 2.28 0.922 0.403
200 17.456 24.714 2.333 0.62 0.464
201 11.187 29.235 4.304 0.817 0.182
202 26.405 17.931 3.013 0.802 0.762
203 7.799 33.324 2.832 0.705 0.181
204 12.82 36.587 5.83 0.967 0.182
205 12.086 27.608 3.526 1.627 1.065
206 9.877 39.839 0.757 0.264 -0.304
207 2.498 28.67 3.74 0.3 0.388
208 -1.172 30.103 1.891 0.3 -0.035
209 8.986 41.402 1.909 0.592 0.323
210 16.693 18.96 4.556 0.573 0.635
211 7.935 41.074 0.23 0.806 0.227
212 22.614 50.583 6.81 1.153 0.46
213 21.073 27.554 3.605 0.333 0.342
214 13.366 22.963 0.041 0.614 0.406
